jaccard	LG11	LG12	LG13	LG14	LG15	LG16	LG17	LG18	LG19	LG110	QM1	QM2	QM3	QM4	QM5	QM6	BPD-QM1	BPD-QM2	BPD-QM3	BPD-QM4	BPD-QM5	BPD-QM6	BPD-QM7	PK1	PK2	PK3	PK4	PK5	PK6	PSM1	PSM2	PSM3	PSM4	PSM5	PSM6	PSM7	PSM8	LG21	LG22	LG23	LG24	LG25	LG26	LG27	POBPls1	POBPls2	POBPls3	POBPls4	POBPls5	POBPls6	POBPls7	POBPls8	POBPls9	POBPls10	PO1	PO2	PO3	PO4	PO5	PO6	PO7	PO8	LS1	LS2	LS3	LS4	LS5	LS6	LS7	LS8	LS9	LS10	BP1	BP2	BP3	BP4	BP5	BP6	BP7	POBP1	POBP2	POLS1	POLS2	POLS3	POLS4	POLS5	POLS6	POLS7
LG11	0	1.000	0.857	1.000	0.750	0.857	0.636	1.000	0.500	0.950	1.000	0.944	1.000	1.000	1.000	1.000	0.929	1.000	0.556	1.000	0.933	1.000	1.000	1.000	1.000	1.000	0.917	0.944	0.917	1.000	1.000	1.000	1.000	1.000	1.000	1.000	1.000	0.636	1.000	0.750	0.813	0.909	1.000	0.867	1.000	1.000	0.852	0.556	0.850	1.000	0.857	1.000	0.727	1.000	1.000	1.000	0.727	1.000	1.000	1.000	1.000	1.000	0.444	1.000	0.444	1.000	0.571	0.444	1.000	1.000	1.000	0.875	1.000	1.000	1.000	1.000	1.000	1.000	1.000	1.000	1.000	1.000	1.000	1.000	1.000	1.000	1.000	1.000
LG12	1.000	0	1.000	1.000	1.000	1.000	1.000	1.000	1.000	1.000	1.000	1.000	1.000	1.000	1.000	1.000	1.000	1.000	1.000	1.000	0.889	1.000	1.000	1.000	1.000	0.857	1.000	1.000	1.000	1.000	0	1.000	1.000	1.000	1.000	1.000	1.000	1.000	1.000	1.000	1.000	1.000	1.000	1.000	1.000	0.944	1.000	0.833	1.000	1.000	1.000	1.000	1.000	1.000	1.000	1.000	1.000	1.000	1.000	1.000	1.000	1.000	1.000	1.000	1.000	1.000	1.000	1.000	1.000	1.000	1.000	1.000	0.833	0.833	1.000	1.000	1.000	1.000	0.800	0.750	1.000	1.000	1.000	1.000	1.000	1.000	1.000	1.000
LG13	0.857	1.000	0	1.000	0.667	0.941	0.875	1.000	0.800	1.000	1.000	0.917	1.000	1.000	1.000	1.000	1.000	1.000	0.833	1.000	1.000	1.000	1.000	1.000	1.000	1.000	1.000	1.000	1.000	1.000	1.000	1.000	1.000	1.000	1.000	1.000	1.000	0.875	1.000	0.875	0.917	1.000	1.000	0.900	1.000	1.000	0.958	0.833	0.938	1.000	1.000	1.000	0.952	1.000	1.000	1.000	0.952	1.000	1.000	1.000	1.000	1.000	0.857	1.000	0.857	1.000	0.667	0.857	1.000	1.000	1.000	0.500	1.000	1.000	1.000	1.000	1.000	1.000	1.000	1.000	1.000	1.000	1.000	1.000	1.000	1.000	1.000	1.000
LG14	1.000	1.000	1.000	1.000	1.000	1.000	1.000	1.000	1.000	1.000	1.000	1.000	1.000	1.000	1.000	1.000	1.000	1.000	1.000	1.000	1.000	1.000	1.000	1.000	1.000	1.000	1.000	1.000	1.000	1.000	1.000	1.000	1.000	1.000	1.000	1.000	1.000	1.000	1.000	1.000	1.000	1.000	1.000	1.000	1.000	1.000	1.000	1.000	1.000	1.000	1.000	1.000	1.000	1.000	1.000	1.000	1.000	1.000	1.000	1.000	1.000	1.000	1.000	1.000	1.000	1.000	1.000	1.000	1.000	1.000	1.000	1.000	1.000	1.000	1.000	1.000	1.000	1.000	1.000	1.000	1.000	1.000	1.000	1.000	1.000	1.000	1.000	1.000
LG15	0.750	1.000	0.667	1.000	0	0.824	0.625	1.000	0.400	0.867	1.000	0.929	1.000	1.000	1.000	1.000	0.778	1.000	0.875	1.000	0.909	1.000	1.000	1.000	1.000	1.000	0.875	0.846	0.714	1.000	1.000	1.000	1.000	1.000	1.000	1.000	1.000	0.625	1.000	0.625	0.929	0.857	1.000	0.700	1.000	1.000	0.962	0.875	0.944	1.000	0.667	1.000	0.857	1.000	1.000	1.000	0.857	1.000	1.000	1.000	1.000	1.000	0.889	1.000	0.889	1.000	0.800	0.889	1.000	1.000	1.000	0.750	1.000	1.000	1.000	1.000	1.000	1.000	1.000	1.000	1.000	1.000	1.000	1.000	1.000	1.000	1.000	1.000
LG16	0.857	1.000	0.941	1.000	0.824	0	0.611	1.000	0.778	0.760	1.000	0.964	0.941	1.000	0.962	1.000	0.810	1.000	0.905	1.000	0.917	0.955	1.000	0.882	0.889	0.957	0.955	0.739	0.722	0.950	1.000	0.941	0.850	0.900	0.833	1.000	1.000	0.750	1.000	0.611	0.840	0.706	1.000	0.500	1.000	1.000	0.861	0.905	0.862	1.000	0.941	1.000	0.733	1.000	1.000	1.000	0.643	1.000	1.000	1.000	1.000	1.000	0.857	1.000	0.909	0.952	0.889	0.909	1.000	1.000	1.000	0.944	1.000	1.000	1.000	1.000	1.000	1.000	1.000	1.000	1.000	1.000	1.000	1.000	1.000	1.000	1.000	1.000
LG17	0.636	1.000	0.875	1.000	0.625	0.611	0	1.000	0.375	0.778	1.000	0.947	1.000	1.000	1.000	1.000	0.667	1.000	0.727	1.000	0.938	1.000	1.000	1.000	1.000	1.000	0.923	0.750	0.600	1.000	1.000	1.000	1.000	1.000	0.909	1.000	1.000	0.400	1.000	0.400	0.824	0.818	1.000	0.500	1.000	1.000	0.897	0.727	0.857	1.000	0.875	1.000	0.682	1.000	1.000	1.000	0.682	1.000	1.000	1.000	1.000	1.000	0.750	1.000	0.750	1.000	0.625	0.750	1.000	1.000	1.000	0.889	1.000	1.000	1.000	1.000	1.000	1.000	1.000	1.000	1.000	1.000	1.000	1.000	1.000	1.000	1.000	1.000
LG18	1.000	1.000	1.000	1.000	1.000	1.000	1.000	1.000	1.000	1.000	1.000	1.000	1.000	1.000	1.000	1.000	1.000	1.000	1.000	1.000	1.000	1.000	1.000	1.000	1.000	1.000	1.000	1.000	1.000	1.000	1.000	1.000	1.000	1.000	1.000	1.000	1.000	1.000	1.000	1.000	1.000	1.000	1.000	1.000	1.000	1.000	1.000	1.000	1.000	1.000	1.000	1.000	1.000	1.000	1.000	1.000	1.000	1.000	1.000	1.000	1.000	1.000	1.000	1.000	1.000	1.000	1.000	1.000	1.000	1.000	1.000	1.000	1.000	1.000	1.000	1.000	1.000	1.000	1.000	1.000	1.000	1.000	1.000	1.000	1.000	1.000	1.000	1.000
LG19	0.500	1.000	0.800	1.000	0.400	0.778	0.375	1.000	0	0.882	1.000	0.938	1.000	1.000	1.000	1.000	0.818	1.000	0.625	1.000	0.923	1.000	1.000	1.000	1.000	1.000	0.900	0.867	0.778	1.000	1.000	1.000	1.000	1.000	1.000	1.000	1.000	0.375	1.000	0.556	0.786	0.889	1.000	0.750	1.000	1.000	0.885	0.625	0.833	1.000	0.800	1.000	0.762	1.000	1.000	1.000	0.762	1.000	1.000	1.000	1.000	1.000	0.667	1.000	0.667	1.000	0.400	0.667	1.000	1.000	1.000	0.833	1.000	1.000	1.000	1.000	1.000	1.000	1.000	1.000	1.000	1.000	1.000	1.000	1.000	1.000	1.000	1.000
LG110	0.950	1.000	1.000	1.000	0.867	0.760	0.778	1.000	0.882	0	1.000	1.000	1.000	1.000	0.957	1.000	0.842	1.000	1.000	1.000	0.905	1.000	1.000	1.000	1.000	1.000	0.947	0.375	0.667	1.000	1.000	1.000	1.000	1.000	1.000	1.000	1.000	0.842	1.000	0.625	0.818	0.882	1.000	0.667	1.000	1.000	0.973	1.000	1.000	1.000	0.929	1.000	0.654	1.000	1.000	1.000	0.478	1.000	1.000	1.000	1.000	1.000	0.950	1.000	1.000	1.000	1.000	1.000	1.000	1.000	1.000	1.000	1.000	1.000	1.000	1.000	1.000	1.000	1.000	1.000	1.000	1.000	1.000	1.000	1.000	1.000	1.000	1.000
QM1	1.000	1.000	1.000	1.000	1.000	1.000	1.000	1.000	1.000	1.000	0	0.917	1.000	1.000	0.900	1.000	1.000	1.000	1.000	1.000	0.889	0.833	1.000	1.000	1.000	1.000	1.000	1.000	1.000	1.000	1.000	1.000	1.000	1.000	1.000	1.000	1.000	1.000	1.000	1.000	1.000	1.000	1.000	1.000	1.000	1.000	1.000	1.000	1.000	1.000	1.000	1.000	1.000	1.000	1.000	1.000	1.000	1.000	1.000	1.000	1.000	0.889	1.000	1.000	1.000	1.000	1.000	1.000	1.000	1.000	1.000	1.000	1.000	1.000	1.000	1.000	1.000	1.000	1.000	1.000	1.000	1.000	1.000	1.000	1.000	1.000	1.000	1.000
QM2	0.944	1.000	0.917	1.000	0.929	0.964	0.947	1.000	0.938	1.000	0.917	0	1.000	1.000	0.308	1.000	1.000	1.000	0.941	1.000	0.765	0.714	1.000	1.000	1.000	1.000	1.000	1.000	1.000	1.000	1.000	1.000	1.000	1.000	1.000	1.000	0.917	0.947	1.000	0.947	0.957	1.000	1.000	0.952	1.000	1.000	0.941	0.941	0.963	1.000	1.000	1.000	0.969	1.000	1.000	1.000	0.969	1.000	1.000	1.000	1.000	0.950	0.944	1.000	0.944	1.000	0.929	0.944	1.000	1.000	1.000	0.923	1.000	1.000	1.000	1.000	1.000	1.000	1.000	1.000	1.000	1.000	1.000	1.000	1.000	1.000	1.000	1.000
QM3	1.000	1.000	1.000	1.000	1.000	0.941	1.000	1.000	1.000	1.000	1.000	1.000	0	1.000	1.000	1.000	1.000	1.000	1.000	1.000	1.000	0.833	1.000	0.500	1.000	1.000	1.000	1.000	1.000	1.000	1.000	1.000	1.000	0.800	1.000	1.000	1.000	1.000	1.000	1.000	0.917	1.000	1.000	1.000	1.000	1.000	0.958	1.000	0.938	1.000	1.000	1.000	1.000	1.000	1.000	1.000	0.952	1.000	1.000	1.000	1.000	1.000	1.000	1.000	1.000	0.800	1.000	1.000	1.000	1.000	1.000	1.000	1.000	1.000	1.000	1.000	1.000	1.000	1.000	1.000	1.000	1.000	1.000	1.000	1.000	1.000	1.000	1.000
QM4	1.000	1.000	1.000	1.000	1.000	1.000	1.000	1.000	1.000	1.000	1.000	1.000	1.000	0	1.000	1.000	1.000	1.000	1.000	1.000	1.000	1.000	1.000	1.000	1.000	1.000	1.000	1.000	1.000	1.000	1.000	1.000	1.000	1.000	1.000	1.000	1.000	1.000	1.000	1.000	1.000	1.000	1.000	1.000	1.000	1.000	1.000	1.000	0.938	1.000	1.000	1.000	1.000	1.000	1.000	1.000	1.000	1.000	1.000	1.000	1.000	1.000	1.000	1.000	0.857	1.000	1.000	1.000	1.000	1.000	1.000	1.000	1.000	1.000	1.000	1.000	1.000	0.667	1.000	1.000	1.000	1.000	0.500	1.000	1.000	1.000	1.000	1.000
QM5	1.000	1.000	1.000	1.000	1.000	0.962	1.000	1.000	1.000	0.957	0.900	0.308	1.000	1.000	0	1.000	1.000	1.000	1.000	1.000	0.643	0.667	1.000	1.000	1.000	1.000	1.000	0.952	0.933	1.000	1.000	1.000	1.000	1.000	1.000	1.000	1.000	1.000	1.000	1.000	0.952	0.929	1.000	1.000	1.000	1.000	0.970	1.000	1.000	1.000	1.000	1.000	1.000	1.000	1.000	1.000	0.967	1.000	1.000	1.000	1.000	0.944	0.938	1.000	1.000	1.000	1.000	1.000	1.000	1.000	1.000	1.000	1.000	1.000	1.000	1.000	1.000	1.000	1.000	1.000	1.000	1.000	1.000	1.000	1.000	1.000	1.000	1.000
QM6	1.000	1.000	1.000	1.000	1.000	1.000	1.000	1.000	1.000	1.000	1.000	1.000	1.000	1.000	1.000	1.000	1.000	1.000	1.000	1.000	1.000	1.000	1.000	1.000	1.000	1.000	1.000	1.000	1.000	1.000	1.000	1.000	1.000	1.000	1.000	1.000	1.000	1.000	1.000	1.000	1.000	1.000	1.000	1.000	1.000	1.000	1.000	1.000	1.000	1.000	1.000	1.000	1.000	1.000	1.000	1.000	1.000	1.000	1.000	1.000	1.000	1.000	1.000	1.000	1.000	1.000	1.000	1.000	1.000	1.000	1.000	1.000	1.000	1.000	1.000	1.000	1.000	1.000	1.000	1.000	1.000	1.000	1.000	1.000	1.000	1.000	1.000	1.000
BPD-QM1	0.929	1.000	1.000	1.000	0.778	0.810	0.667	1.000	0.818	0.842	1.000	1.000	1.000	1.000	1.000	1.000	0	1.000	0.923	1.000	0.938	1.000	1.000	1.000	0.895	0.929	0.923	0.750	0.600	1.000	1.000	1.000	0.833	1.000	0.909	1.000	1.000	0.769	1.000	0.769	0.947	0.818	1.000	0.714	1.000	1.000	1.000	1.000	1.000	1.000	0.875	1.000	0.885	1.000	1.000	1.000	0.885	1.000	1.000	1.000	1.000	1.000	1.000	1.000	1.000	1.000	1.000	1.000	1.000	1.000	1.000	1.000	1.000	1.000	1.000	1.000	1.000	1.000	1.000	1.000	1.000	1.000	1.000	1.000	1.000	1.000	1.000	1.000
BPD-QM2	1.000	1.000	1.000	1.000	1.000	1.000	1.000	1.000	1.000	1.000	1.000	1.000	1.000	1.000	1.000	1.000	1.000	0	1.000	1.000	1.000	1.000	1.000	1.000	1.000	1.000	1.000	1.000	1.000	1.000	1.000	1.000	1.000	1.000	1.000	1.000	1.000	1.000	1.000	1.000	1.000	1.000	1.000	1.000	1.000	1.000	1.000	1.000	1.000	1.000	1.000	1.000	1.000	1.000	1.000	1.000	1.000	1.000	1.000	1.000	1.000	0.900	1.000	1.000	1.000	1.000	1.000	1.000	1.000	0.909	1.000	1.000	1.000	1.000	1.000	0.857	1.000	1.000	1.000	1.000	1.000	1.000	1.000	1.000	1.000	1.000	1.000	1.000
BPD-QM3	0.556	1.000	0.833	1.000	0.875	0.905	0.727	1.000	0.625	1.000	1.000	0.941	1.000	1.000	1.000	1.000	0.923	1.000	0	1.000	1.000	1.000	1.000	1.000	0.944	0.917	1.000	0.941	0.909	1.000	1.000	1.000	0.909	1.000	1.000	1.000	1.000	0.727	1.000	0.833	0.714	1.000	1.000	0.933	1.000	1.000	0.846	0.500	0.842	1.000	1.000	1.000	0.826	1.000	1.000	1.000	0.826	1.000	1.000	1.000	1.000	1.000	0.556	1.000	0.556	1.000	0.500	0.556	1.000	1.000	1.000	0.857	1.000	1.000	1.000	1.000	1.000	1.000	1.000	1.000	1.000	1.000	1.000	1.000	1.000	1.000	1.000	1.000
BPD-QM4	1.000	1.000	1.000	1.000	1.000	1.000	1.000	1.000	1.000	1.000	1.000	1.000	1.000	1.000	1.000	1.000	1.000	1.000	1.000	1.000	1.000	1.000	1.000	1.000	1.000	1.000	1.000	1.000	1.000	1.000	1.000	1.000	1.000	1.000	1.000	1.000	1.000	1.000	1.000	1.000	1.000	1.000	1.000	1.000	1.000	1.000	1.000	1.000	1.000	1.000	1.000	1.000	1.000	1.000	1.000	1.000	1.000	1.000	1.000	1.000	1.000	1.000	1.000	1.000	1.000	1.000	1.000	1.000	1.000	1.000	1.000	1.000	1.000	1.000	1.000	1.000	1.000	1.000	1.000	1.000	1.000	1.000	1.000	1.000	1.000	1.000	1.000	1.000
BPD-QM5	0.933	0.889	1.000	1.000	0.909	0.917	0.938	1.000	0.923	0.905	0.889	0.765	1.000	1.000	0.643	1.000	0.938	1.000	1.000	1.000	0	0.636	1.000	1.000	1.000	0.857	0.929	0.895	0.846	1.000	0.889	1.000	1.000	1.000	1.000	1.000	1.000	0.938	1.000	0.938	0.950	0.833	1.000	0.944	1.000	0.920	0.969	0.929	1.000	1.000	0.889	1.000	0.966	1.000	1.000	1.000	0.929	1.000	1.000	1.000	1.000	0.941	0.933	1.000	1.000	1.000	1.000	1.000	1.000	1.000	1.000	1.000	0.846	0.846	1.000	1.000	1.000	1.000	0.833	0.917	1.000	1.000	1.000	1.000	1.000	1.000	1.000	1.000
BPD-QM6	1.000	1.000	1.000	1.000	1.000	0.955	1.000	1.000	1.000	1.000	0.833	0.714	0.833	1.000	0.667	1.000	1.000	1.000	1.000	1.000	0.636	0	1.000	0.857	1.000	1.000	1.000	1.000	1.000	0.889	1.000	1.000	0.909	0.900	1.000	0.833	1.000	1.000	1.000	1.000	0.941	1.000	1.000	1.000	1.000	1.000	0.966	1.000	0.900	0.857	1.000	0.833	1.000	0.833	0.917	1.000	0.962	1.000	0.833	1.000	1.000	0.846	1.000	0.857	1.000	0.778	1.000	1.000	1.000	1.000	1.000	1.000	1.000	1.000	0.923	1.000	1.000	1.000	0.900	1.000	1.000	1.000	1.000	1.000	1.000	1.000	1.000	0.857
BPD-QM7	1.000	1.000	1.000	1.000	1.000	1.000	1.000	1.000	1.000	1.000	1.000	1.000	1.000	1.000	1.000	1.000	1.000	1.000	1.000	1.000	1.000	1.000	1.000	1.000	1.000	1.000	1.000	1.000	1.000	1.000	1.000	1.000	1.000	1.000	1.000	1.000	1.000	1.000	1.000	1.000	1.000	1.000	1.000	1.000	1.000	1.000	1.000	1.000	1.000	1.000	1.000	1.000	1.000	1.000	1.000	1.000	1.000	1.000	1.000	1.000	1.000	1.000	1.000	1.000	1.000	1.000	1.000	1.000	1.000	1.000	1.000	1.000	1.000	1.000	1.000	1.000	1.000	1.000	1.000	1.000	1.000	1.000	1.000	1.000	1.000	1.000	1.000	1.000
PK1	1.000	1.000	1.000	1.000	1.000	0.882	1.000	1.000	1.000	1.000	1.000	1.000	0.500	1.000	1.000	1.000	1.000	1.000	1.000	1.000	1.000	0.857	1.000	0	1.000	1.000	1.000	1.000	1.000	1.000	1.000	1.000	1.000	0.600	1.000	1.000	1.000	1.000	1.000	1.000	0.923	1.000	1.000	1.000	1.000	1.000	0.917	1.000	0.875	1.000	1.000	1.000	1.000	1.000	1.000	1.000	0.905	1.000	1.000	1.000	1.000	1.000	1.000	1.000	1.000	0.833	1.000	1.000	1.000	1.000	1.000	1.000	1.000	1.000	1.000	1.000	1.000	1.000	1.000	1.000	1.000	1.000	1.000	1.000	1.000	1.000	1.000	1.000
PK2	1.000	1.000	1.000	1.000	1.000	0.889	1.000	1.000	1.000	1.000	1.000	1.000	1.000	1.000	1.000	1.000	0.895	1.000	0.944	1.000	1.000	1.000	1.000	1.000	0	0.889	1.000	0.958	0.944	0.938	1.000	0.923	0.643	1.000	0.938	1.000	1.000	1.000	1.000	1.000	0.958	0.941	1.000	1.000	1.000	1.000	1.000	1.000	1.000	1.000	1.000	1.000	0.970	1.000	1.000	1.000	1.000	1.000	1.000	1.000	1.000	1.000	1.000	1.000	1.000	1.000	1.000	1.000	1.000	1.000	1.000	1.000	1.000	1.000	1.000	1.000	1.000	1.000	1.000	1.000	1.000	1.000	1.000	1.000	1.000	1.000	1.000	1.000
PK3	1.000	0.857	1.000	1.000	1.000	0.957	1.000	1.000	1.000	1.000	1.000	1.000	1.000	1.000	1.000	1.000	0.929	1.000	0.917	1.000	0.857	1.000	1.000	1.000	0.889	0	1.000	0.944	0.917	0.900	0.857	0.857	0.818	1.000	0.900	1.000	1.000	1.000	1.000	1.000	0.944	0.909	1.000	1.000	1.000	0.913	1.000	0.917	1.000	1.000	1.000	1.000	0.963	1.000	1.000	1.000	1.000	1.000	1.000	1.000	1.000	1.000	1.000	1.000	1.000	1.000	1.000	1.000	1.000	1.000	1.000	1.000	0.700	0.818	1.000	1.000	1.000	1.000	0.667	0.900	1.000	1.000	1.000	1.000	1.000	1.000	1.000	1.000
PK4	0.917	1.000	1.000	1.000	0.875	0.955	0.923	1.000	0.900	0.947	1.000	1.000	1.000	1.000	1.000	1.000	0.923	1.000	1.000	1.000	0.929	1.000	1.000	1.000	1.000	1.000	0	0.941	0.909	1.000	1.000	1.000	1.000	0.900	1.000	1.000	1.000	0.923	1.000	0.923	1.000	0.900	1.000	0.933	1.000	1.000	1.000	1.000	1.000	1.000	0.833	1.000	0.962	1.000	1.000	1.000	0.962	1.000	1.000	1.000	1.000	1.000	1.000	1.000	1.000	1.000	1.000	1.000	1.000	1.000	1.000	1.000	1.000	1.000	1.000	1.000	1.000	1.000	1.000	1.000	1.000	1.000	1.000	1.000	1.000	1.000	1.000	1.000
PK5	0.944	1.000	1.000	1.000	0.846	0.739	0.750	1.000	0.867	0.375	1.000	1.000	1.000	1.000	0.952	1.000	0.750	1.000	0.941	1.000	0.895	1.000	1.000	1.000	0.958	0.944	0.941	0	0.500	1.000	1.000	1.000	0.941	1.000	1.000	1.000	1.000	0.824	1.000	0.571	0.909	0.867	1.000	0.625	1.000	1.000	0.971	1.000	1.000	1.000	0.917	1.000	0.625	1.000	1.000	1.000	0.565	1.000	1.000	1.000	1.000	1.000	0.944	1.000	1.000	1.000	1.000	1.000	1.000	1.000	1.000	1.000	1.000	1.000	1.000	1.000	1.000	1.000	1.000	1.000	1.000	1.000	1.000	1.000	1.000	1.000	1.000	1.000
PK6	0.917	1.000	1.000	1.000	0.714	0.722	0.600	1.000	0.778	0.667	1.000	1.000	1.000	1.000	0.933	1.000	0.600	1.000	0.909	1.000	0.846	1.000	1.000	1.000	0.944	0.917	0.909	0.500	0	1.000	1.000	1.000	0.909	1.000	1.000	1.000	1.000	0.727	1.000	0.600	0.875	0.778	1.000	0.667	1.000	1.000	0.966	1.000	1.000	1.000	0.833	1.000	0.826	1.000	1.000	1.000	0.773	1.000	1.000	1.000	1.000	1.000	0.917	1.000	1.000	1.000	1.000	1.000	1.000	1.000	1.000	1.000	1.000	1.000	1.000	1.000	1.000	1.000	1.000	1.000	1.000	1.000	1.000	1.000	1.000	1.000	1.000	1.000
PSM1	1.000	1.000	1.000	1.000	1.000	0.950	1.000	1.000	1.000	1.000	1.000	1.000	1.000	1.000	1.000	1.000	1.000	1.000	1.000	1.000	1.000	0.889	1.000	1.000	0.938	0.900	1.000	1.000	1.000	0	1.000	0.750	0.750	1.000	0.857	0.750	1.000	1.000	1.000	1.000	1.000	0.875	1.000	1.000	1.000	1.000	1.000	1.000	0.947	0.500	1.000	0.750	0.958	0.750	0.778	1.000	1.000	1.000	0.750	1.000	1.000	0.818	1.000	0.800	1.000	0.714	1.000	1.000	1.000	1.000	1.000	1.000	1.000	1.000	0.667	1.000	1.000	1.000	0.714	1.000	1.000	1.000	1.000	1.000	1.000	1.000	1.000	0.800
PSM2	1.000	0	1.000	1.000	1.000	1.000	1.000	1.000	1.000	1.000	1.000	1.000	1.000	1.000	1.000	1.000	1.000	1.000	1.000	1.000	0.889	1.000	1.000	1.000	1.000	0.857	1.000	1.000	1.000	1.000	0	1.000	1.000	1.000	1.000	1.000	1.000	1.000	1.000	1.000	1.000	1.000	1.000	1.000	1.000	0.944	1.000	0.833	1.000	1.000	1.000	1.000	1.000	1.000	1.000	1.000	1.000	1.000	1.000	1.000	1.000	1.000	1.000	1.000	1.000	1.000	1.000	1.000	1.000	1.000	1.000	1.000	0.833	0.833	1.000	1.000	1.000	1.000	0.800	0.750	1.000	1.000	1.000	1.000	1.000	1.000	1.000	1.000
PSM3	1.000	1.000	1.000	1.000	1.000	0.941	1.000	1.000	1.000	1.000	1.000	1.000	1.000	1.000	1.000	1.000	1.000	1.000	1.000	1.000	1.000	1.000	1.000	1.000	0.923	0.857	1.000	1.000	1.000	0.750	1.000	0	0.833	1.000	0.750	1.000	1.000	1.000	1.000	1.000	1.000	0.800	1.000	1.000	1.000	1.000	1.000	1.000	1.000	1.000	1.000	1.000	0.952	1.000	1.000	1.000	1.000	1.000	1.000	1.000	1.000	1.000	1.000	1.000	1.000	1.000	1.000	1.000	1.000	1.000	1.000	1.000	1.000	1.000	1.000	1.000	1.000	1.000	1.000	1.000	1.000	1.000	1.000	1.000	1.000	1.000	1.000	1.000
PSM4	1.000	1.000	1.000	1.000	1.000	0.850	1.000	1.000	1.000	1.000	1.000	1.000	1.000	1.000	1.000	1.000	0.833	1.000	0.909	1.000	1.000	0.909	1.000	1.000	0.643	0.818	1.000	0.941	0.909	0.750	1.000	0.833	0	1.000	0.889	0.833	1.000	1.000	1.000	1.000	0.941	0.900	1.000	1.000	1.000	1.000	1.000	1.000	0.952	0.857	1.000	0.833	0.962	0.833	0.917	1.000	1.000	1.000	0.833	1.000	1.000	0.929	1.000	0.857	1.000	0.900	1.000	1.000	1.000	1.000	1.000	1.000	1.000	1.000	0.923	1.000	1.000	1.000	0.900	1.000	1.000	1.000	1.000	1.000	1.000	1.000	1.000	0.857
PSM5	1.000	1.000	1.000	1.000	1.000	0.900	1.000	1.000	1.000	1.000	1.000	1.000	0.800	1.000	1.000	1.000	1.000	1.000	1.000	1.000	1.000	0.900	1.000	0.600	1.000	1.000	0.900	1.000	1.000	1.000	1.000	1.000	1.000	0	1.000	1.000	1.000	1.000	1.000	1.000	0.938	1.000	1.000	1.000	1.000	1.000	0.885	1.000	0.833	1.000	1.000	1.000	1.000	1.000	1.000	1.000	0.870	1.000	1.000	1.000	1.000	1.000	1.000	1.000	1.000	0.889	1.000	1.000	1.000	1.000	1.000	1.000	1.000	1.000	1.000	1.000	1.000	1.000	1.000	1.000	1.000	1.000	1.000	1.000	1.000	1.000	1.000	1.000
PSM6	1.000	1.000	1.000	1.000	1.000	0.833	0.909	1.000	1.000	1.000	1.000	1.000	1.000	1.000	1.000	1.000	0.909	1.000	1.000	1.000	1.000	1.000	1.000	1.000	0.938	0.900	1.000	1.000	1.000	0.857	1.000	0.750	0.889	1.000	0	1.000	1.000	1.000	1.000	1.000	1.000	0.500	1.000	0.833	1.000	1.000	1.000	1.000	1.000	1.000	1.000	1.000	0.958	1.000	1.000	1.000	1.000	1.000	1.000	1.000	1.000	1.000	1.000	1.000	1.000	1.000	1.000	1.000	1.000	1.000	1.000	1.000	1.000	1.000	1.000	1.000	1.000	1.000	1.000	1.000	1.000	1.000	1.000	1.000	1.000	1.000	1.000	1.000
PSM7	1.000	1.000	1.000	1.000	1.000	1.000	1.000	1.000	1.000	1.000	1.000	1.000	1.000	1.000	1.000	1.000	1.000	1.000	1.000	1.000	1.000	0.833	1.000	1.000	1.000	1.000	1.000	1.000	1.000	0.750	1.000	1.000	0.833	1.000	1.000	0	1.000	1.000	1.000	1.000	1.000	1.000	1.000	1.000	1.000	1.000	1.000	1.000	0.938	0.500	1.000	0	1.000	0	0.857	1.000	1.000	1.000	0	1.000	1.000	0.889	1.000	0.500	1.000	0.800	1.000	1.000	1.000	1.000	1.000	1.000	1.000	1.000	0.875	1.000	1.000	1.000	0.800	1.000	1.000	1.000	1.000	1.000	1.000	1.000	1.000	0.500
PSM8	1.000	1.000	1.000	1.000	1.000	1.000	1.000	1.000	1.000	1.000	1.000	0.917	1.000	1.000	1.000	1.000	1.000	1.000	1.000	1.000	1.000	1.000	1.000	1.000	1.000	1.000	1.000	1.000	1.000	1.000	1.000	1.000	1.000	1.000	1.000	1.000	0	1.000	1.000	1.000	1.000	1.000	1.000	1.000	1.000	1.000	0.958	1.000	1.000	1.000	1.000	1.000	1.000	1.000	1.000	1.000	1.000	1.000	1.000	1.000	1.000	1.000	1.000	1.000	1.000	1.000	1.000	1.000	1.000	1.000	1.000	1.000	1.000	1.000	1.000	1.000	1.000	1.000	1.000	1.000	1.000	1.000	1.000	1.000	1.000	1.000	1.000	1.000
LG21	0.636	1.000	0.875	1.000	0.625	0.750	0.400	1.000	0.375	0.842	1.000	0.947	1.000	1.000	1.000	1.000	0.769	1.000	0.727	1.000	0.938	1.000	1.000	1.000	1.000	1.000	0.923	0.824	0.727	1.000	1.000	1.000	1.000	1.000	1.000	1.000	1.000	0	1.000	0.545	0.824	0.917	1.000	0.714	1.000	1.000	0.857	0.727	0.857	1.000	0.875	1.000	0.739	1.000	1.000	1.000	0.739	1.000	1.000	1.000	1.000	1.000	0.750	1.000	0.750	1.000	0.625	0.750	1.000	1.000	1.000	0.889	1.000	1.000	1.000	1.000	0.909	1.000	1.000	1.000	1.000	1.000	1.000	1.000	1.000	1.000	1.000	1.000
LG22	1.000	1.000	1.000	1.000	1.000	1.000	1.000	1.000	1.000	1.000	1.000	1.000	1.000	1.000	1.000	1.000	1.000	1.000	1.000	1.000	1.000	1.000	1.000	1.000	1.000	1.000	1.000	1.000	1.000	1.000	1.000	1.000	1.000	1.000	1.000	1.000	1.000	1.000	1.000	1.000	1.000	1.000	1.000	1.000	1.000	1.000	1.000	1.000	1.000	1.000	1.000	1.000	1.000	1.000	1.000	1.000	1.000	1.000	1.000	1.000	1.000	1.000	1.000	1.000	1.000	1.000	1.000	1.000	1.000	1.000	1.000	1.000	1.000	1.000	1.000	1.000	1.000	1.000	1.000	1.000	1.000	1.000	1.000	1.000	1.000	1.000	1.000	1.000
LG23	0.750	1.000	0.875	1.000	0.625	0.611	0.400	1.000	0.556	0.625	1.000	0.947	1.000	1.000	1.000	1.000	0.769	1.000	0.833	1.000	0.938	1.000	1.000	1.000	1.000	1.000	0.923	0.571	0.600	1.000	1.000	1.000	1.000	1.000	1.000	1.000	1.000	0.545	1.000	0	0.889	0.917	1.000	0.364	1.000	1.000	0.933	0.833	0.909	1.000	0.875	1.000	0.619	1.000	1.000	1.000	0.619	1.000	1.000	1.000	1.000	1.000	0.846	1.000	0.846	1.000	0.778	0.846	1.000	1.000	1.000	0.889	1.000	1.000	1.000	1.000	1.000	1.000	1.000	1.000	1.000	1.000	1.000	1.000	1.000	1.000	1.000	1.000
LG24	0.813	1.000	0.917	1.000	0.929	0.840	0.824	1.000	0.786	0.818	1.000	0.957	0.917	1.000	0.952	1.000	0.947	1.000	0.714	1.000	0.950	0.941	1.000	0.923	0.958	0.944	1.000	0.909	0.875	1.000	1.000	1.000	0.941	0.938	1.000	1.000	1.000	0.824	1.000	0.889	0	0.938	1.000	0.952	1.000	1.000	0.839	0.800	0.833	1.000	1.000	1.000	0.900	1.000	1.000	1.000	0.731	1.000	1.000	1.000	1.000	0.950	0.733	0.923	0.813	0.867	0.750	0.813	1.000	1.000	1.000	0.923	0.941	0.875	0.947	0.941	1.000	1.000	1.000	0.933	1.000	0.933	0.923	1.000	1.000	1.000	1.000	1.000
LG25	0.909	1.000	1.000	1.000	0.857	0.706	0.818	1.000	0.889	0.882	1.000	1.000	1.000	1.000	0.929	1.000	0.818	1.000	1.000	1.000	0.833	1.000	1.000	1.000	0.941	0.909	0.900	0.867	0.778	0.875	1.000	0.800	0.900	1.000	0.500	1.000	1.000	0.917	1.000	0.917	0.938	0	1.000	0.750	1.000	1.000	0.964	1.000	1.000	1.000	0.800	1.000	0.917	1.000	1.000	1.000	0.917	1.000	1.000	1.000	1.000	1.000	0.909	1.000	1.000	1.000	1.000	1.000	1.000	1.000	1.000	1.000	1.000	1.000	1.000	1.000	1.000	1.000	1.000	1.000	1.000	1.000	1.000	1.000	1.000	1.000	1.000	1.000
LG26	1.000	1.000	1.000	1.000	1.000	1.000	1.000	1.000	1.000	1.000	1.000	1.000	1.000	1.000	1.000	1.000	1.000	1.000	1.000	1.000	1.000	1.000	1.000	1.000	1.000	1.000	1.000	1.000	1.000	1.000	1.000	1.000	1.000	1.000	1.000	1.000	1.000	1.000	1.000	1.000	1.000	1.000	1.000	1.000	1.000	1.000	1.000	1.000	1.000	1.000	1.000	1.000	1.000	1.000	1.000	1.000	1.000	1.000	1.000	1.000	1.000	1.000	1.000	1.000	1.000	1.000	1.000	1.000	1.000	1.000	1.000	1.000	1.000	1.000	1.000	1.000	1.000	1.000	1.000	1.000	1.000	1.000	1.000	1.000	1.000	1.000	1.000	1.000
LG27	0.867	1.000	0.900	1.000	0.700	0.500	0.500	1.000	0.750	0.667	1.000	0.952	1.000	1.000	1.000	1.000	0.714	1.000	0.933	1.000	0.944	1.000	1.000	1.000	1.000	1.000	0.933	0.625	0.667	1.000	1.000	1.000	1.000	1.000	0.833	1.000	1.000	0.714	1.000	0.364	0.952	0.750	1.000	0	1.000	1.000	0.970	0.933	0.960	1.000	0.900	1.000	0.708	1.000	1.000	1.000	0.708	1.000	1.000	1.000	1.000	1.000	0.938	1.000	0.938	1.000	0.917	0.938	1.000	1.000	1.000	0.909	1.000	1.000	1.000	1.000	1.000	1.000	1.000	1.000	1.000	1.000	1.000	1.000	1.000	1.000	1.000	1.000
POBPls1	1.000	1.000	1.000	1.000	1.000	1.000	1.000	1.000	1.000	1.000	1.000	1.000	1.000	1.000	1.000	1.000	1.000	1.000	1.000	1.000	1.000	1.000	1.000	1.000	1.000	1.000	1.000	1.000	1.000	1.000	1.000	1.000	1.000	1.000	1.000	1.000	1.000	1.000	1.000	1.000	1.000	1.000	1.000	1.000	1.000	1.000	1.000	1.000	1.000	1.000	1.000	1.000	1.000	1.000	1.000	1.000	1.000	1.000	1.000	1.000	1.000	1.000	1.000	1.000	1.000	1.000	1.000	1.000	1.000	1.000	1.000	1.000	1.000	1.000	1.000	1.000	1.000	1.000	1.000	1.000	1.000	1.000	1.000	1.000	1.000	1.000	1.000	1.000
POBPls2	1.000	0.944	1.000	1.000	1.000	1.000	1.000	1.000	1.000	1.000	1.000	1.000	1.000	1.000	1.000	1.000	1.000	1.000	1.000	1.000	0.920	1.000	1.000	1.000	1.000	0.913	1.000	1.000	1.000	1.000	0.944	1.000	1.000	1.000	1.000	1.000	1.000	1.000	1.000	1.000	1.000	1.000	1.000	1.000	1.000	0	1.000	0.957	1.000	1.000	1.000	1.000	1.000	1.000	1.000	1.000	1.000	1.000	1.000	1.000	1.000	1.000	1.000	1.000	1.000	1.000	1.000	1.000	1.000	1.000	1.000	1.000	0.909	0.909	1.000	1.000	1.000	1.000	0.905	0.952	1.000	1.000	1.000	1.000	1.000	1.000	1.000	1.000
POBPls3	0.852	1.000	0.958	1.000	0.962	0.861	0.897	1.000	0.885	0.973	1.000	0.941	0.958	1.000	0.970	1.000	1.000	1.000	0.846	1.000	0.969	0.966	1.000	0.917	1.000	1.000	1.000	0.971	0.966	1.000	1.000	1.000	1.000	0.885	1.000	1.000	0.958	0.857	1.000	0.933	0.839	0.964	1.000	0.970	1.000	1.000	0	0.846	0.824	1.000	1.000	1.000	0.902	1.000	1.000	1.000	0.784	1.000	1.000	1.000	1.000	1.000	0.808	1.000	0.852	0.964	0.875	0.852	1.000	1.000	1.000	0.960	1.000	1.000	1.000	1.000	0.923	1.000	1.000	1.000	1.000	1.000	1.000	1.000	1.000	1.000	1.000	1.000
POBPls4	0.556	0.833	0.833	1.000	0.875	0.905	0.727	1.000	0.625	1.000	1.000	0.941	1.000	1.000	1.000	1.000	1.000	1.000	0.500	1.000	0.929	1.000	1.000	1.000	1.000	0.917	1.000	1.000	1.000	1.000	0.833	1.000	1.000	1.000	1.000	1.000	1.000	0.727	1.000	0.833	0.800	1.000	1.000	0.933	1.000	0.957	0.846	0	0.842	1.000	1.000	1.000	0.826	1.000	1.000	1.000	0.826	1.000	1.000	1.000	1.000	1.000	0.556	1.000	0.556	1.000	0.500	0.556	1.000	1.000	1.000	0.857	0.909	0.909	1.000	1.000	1.000	1.000	0.900	0.889	1.000	1.000	1.000	1.000	1.000	1.000	1.000	1.000
POBPls5	0.850	1.000	0.938	1.000	0.944	0.862	0.857	1.000	0.833	1.000	1.000	0.963	0.938	0.938	1.000	1.000	1.000	1.000	0.842	1.000	1.000	0.900	1.000	0.875	1.000	1.000	1.000	1.000	1.000	0.947	1.000	1.000	0.952	0.833	1.000	0.938	1.000	0.857	1.000	0.909	0.833	1.000	1.000	0.960	1.000	1.000	0.824	0.842	0	0.941	1.000	0.938	0.912	0.938	0.955	1.000	0.806	1.000	0.938	1.000	1.000	0.958	0.850	0.941	0.722	0.895	0.813	0.850	1.000	1.000	1.000	0.941	1.000	1.000	0.957	1.000	1.000	0.882	0.950	1.000	1.000	1.000	0.941	1.000	1.000	1.000	1.000	0.941
POBPls6	1.000	1.000	1.000	1.000	1.000	1.000	1.000	1.000	1.000	1.000	1.000	1.000	1.000	1.000	1.000	1.000	1.000	1.000	1.000	1.000	1.000	0.857	1.000	1.000	1.000	1.000	1.000	1.000	1.000	0.500	1.000	1.000	0.857	1.000	1.000	0.500	1.000	1.000	1.000	1.000	1.000	1.000	1.000	1.000	1.000	1.000	1.000	1.000	0.941	0	1.000	0.500	1.000	0.500	0.714	1.000	1.000	1.000	0.500	1.000	1.000	0.778	1.000	0.667	1.000	0.600	1.000	1.000	1.000	1.000	1.000	1.000	1.000	1.000	0.750	1.000	1.000	1.000	0.600	1.000	1.000	1.000	1.000	1.000	1.000	1.000	1.000	0.667
POBPls7	0.857	1.000	1.000	1.000	0.667	0.941	0.875	1.000	0.800	0.929	1.000	1.000	1.000	1.000	1.000	1.000	0.875	1.000	1.000	1.000	0.889	1.000	1.000	1.000	1.000	1.000	0.833	0.917	0.833	1.000	1.000	1.000	1.000	1.000	1.000	1.000	1.000	0.875	1.000	0.875	1.000	0.800	1.000	0.900	1.000	1.000	1.000	1.000	1.000	1.000	0	1.000	0.952	1.000	1.000	1.000	0.952	1.000	1.000	1.000	1.000	1.000	1.000	1.000	1.000	1.000	1.000	1.000	1.000	1.000	1.000	1.000	1.000	1.000	1.000	1.000	1.000	1.000	1.000	1.000	1.000	1.000	1.000	1.000	1.000	1.000	1.000	1.000
POBPls8	1.000	1.000	1.000	1.000	1.000	1.000	1.000	1.000	1.000	1.000	1.000	1.000	1.000	1.000	1.000	1.000	1.000	1.000	1.000	1.000	1.000	0.833	1.000	1.000	1.000	1.000	1.000	1.000	1.000	0.750	1.000	1.000	0.833	1.000	1.000	0	1.000	1.000	1.000	1.000	1.000	1.000	1.000	1.000	1.000	1.000	1.000	1.000	0.938	0.500	1.000	0	1.000	0	0.857	1.000	1.000	1.000	0	1.000	1.000	0.889	1.000	0.500	1.000	0.800	1.000	1.000	1.000	1.000	1.000	1.000	1.000	1.000	0.875	1.000	1.000	1.000	0.800	1.000	1.000	1.000	1.000	1.000	1.000	1.000	1.000	0.500
POBPls9	0.727	1.000	0.952	1.000	0.857	0.733	0.682	1.000	0.762	0.654	1.000	0.969	1.000	1.000	1.000	1.000	0.885	1.000	0.826	1.000	0.966	1.000	1.000	1.000	0.970	0.963	0.962	0.625	0.826	0.958	1.000	0.952	0.962	1.000	0.958	1.000	1.000	0.739	1.000	0.619	0.900	0.917	1.000	0.708	1.000	1.000	0.902	0.826	0.912	1.000	0.952	1.000	0	1.000	1.000	1.000	0.444	1.000	1.000	1.000	1.000	1.000	0.727	1.000	0.783	1.000	0.857	0.667	1.000	1.000	1.000	0.955	1.000	1.000	1.000	1.000	1.000	1.000	1.000	1.000	1.000	1.000	1.000	1.000	1.000	1.000	1.000	1.000
POBPls10	1.000	1.000	1.000	1.000	1.000	1.000	1.000	1.000	1.000	1.000	1.000	1.000	1.000	1.000	1.000	1.000	1.000	1.000	1.000	1.000	1.000	0.833	1.000	1.000	1.000	1.000	1.000	1.000	1.000	0.750	1.000	1.000	0.833	1.000	1.000	0	1.000	1.000	1.000	1.000	1.000	1.000	1.000	1.000	1.000	1.000	1.000	1.000	0.938	0.500	1.000	0	1.000	0	0.857	1.000	1.000	1.000	0	1.000	1.000	0.889	1.000	0.500	1.000	0.800	1.000	1.000	1.000	1.000	1.000	1.000	1.000	1.000	0.875	1.000	1.000	1.000	0.800	1.000	1.000	1.000	1.000	1.000	1.000	1.000	1.000	0.500
PO1	1.000	1.000	1.000	1.000	1.000	1.000	1.000	1.000	1.000	1.000	1.000	1.000	1.000	1.000	1.000	1.000	1.000	1.000	1.000	1.000	1.000	0.917	1.000	1.000	1.000	1.000	1.000	1.000	1.000	0.778	1.000	1.000	0.917	1.000	1.000	0.857	1.000	1.000	1.000	1.000	1.000	1.000	1.000	1.000	1.000	1.000	1.000	1.000	0.955	0.714	1.000	0.857	1.000	0.857	0	1.000	1.000	1.000	0.857	1.000	1.000	0.857	1.000	0.875	1.000	0.800	1.000	1.000	1.000	1.000	1.000	1.000	1.000	1.000	0.846	1.000	1.000	1.000	0.800	1.000	1.000	1.000	1.000	1.000	1.000	1.000	1.000	0.875
PO2	1.000	1.000	1.000	1.000	1.000	1.000	1.000	1.000	1.000	1.000	1.000	1.000	1.000	1.000	1.000	1.000	1.000	1.000	1.000	1.000	1.000	1.000	1.000	1.000	1.000	1.000	1.000	1.000	1.000	1.000	1.000	1.000	1.000	1.000	1.000	1.000	1.000	1.000	1.000	1.000	1.000	1.000	1.000	1.000	1.000	1.000	1.000	1.000	1.000	1.000	1.000	1.000	1.000	1.000	1.000	1.000	1.000	1.000	1.000	1.000	1.000	1.000	1.000	1.000	1.000	1.000	1.000	1.000	1.000	1.000	1.000	1.000	1.000	1.000	1.000	1.000	1.000	1.000	1.000	1.000	1.000	1.000	1.000	1.000	1.000	1.000	1.000	1.000
PO3	0.727	1.000	0.952	1.000	0.857	0.643	0.682	1.000	0.762	0.478	1.000	0.969	0.952	1.000	0.967	1.000	0.885	1.000	0.826	1.000	0.929	0.962	1.000	0.905	1.000	1.000	0.962	0.565	0.773	1.000	1.000	1.000	1.000	0.870	1.000	1.000	1.000	0.739	1.000	0.619	0.731	0.917	1.000	0.708	1.000	1.000	0.784	0.826	0.806	1.000	0.952	1.000	0.444	1.000	1.000	1.000	0	1.000	1.000	1.000	1.000	1.000	0.667	1.000	0.783	0.960	0.857	0.727	1.000	1.000	1.000	0.955	1.000	1.000	1.000	1.000	1.000	1.000	1.000	1.000	1.000	1.000	1.000	1.000	1.000	1.000	1.000	1.000
PO4	1.000	1.000	1.000	1.000	1.000	1.000	1.000	1.000	1.000	1.000	1.000	1.000	1.000	1.000	1.000	1.000	1.000	1.000	1.000	1.000	1.000	1.000	1.000	1.000	1.000	1.000	1.000	1.000	1.000	1.000	1.000	1.000	1.000	1.000	1.000	1.000	1.000	1.000	1.000	1.000	1.000	1.000	1.000	1.000	1.000	1.000	1.000	1.000	1.000	1.000	1.000	1.000	1.000	1.000	1.000	1.000	1.000	0	1.000	1.000	1.000	1.000	1.000	1.000	1.000	1.000	1.000	1.000	1.000	1.000	1.000	1.000	1.000	1.000	1.000	1.000	1.000	1.000	1.000	1.000	1.000	0.750	1.000	0	1.000	1.000	1.000	1.000
PO5	1.000	1.000	1.000	1.000	1.000	1.000	1.000	1.000	1.000	1.000	1.000	1.000	1.000	1.000	1.000	1.000	1.000	1.000	1.000	1.000	1.000	0.833	1.000	1.000	1.000	1.000	1.000	1.000	1.000	0.750	1.000	1.000	0.833	1.000	1.000	0	1.000	1.000	1.000	1.000	1.000	1.000	1.000	1.000	1.000	1.000	1.000	1.000	0.938	0.500	1.000	0	1.000	0	0.857	1.000	1.000	1.000	0	1.000	1.000	0.889	1.000	0.500	1.000	0.800	1.000	1.000	1.000	1.000	1.000	1.000	1.000	1.000	0.875	1.000	1.000	1.000	0.800	1.000	1.000	1.000	1.000	1.000	1.000	1.000	1.000	0.500
PO6	1.000	1.000	1.000	1.000	1.000	1.000	1.000	1.000	1.000	1.000	1.000	1.000	1.000	1.000	1.000	1.000	1.000	1.000	1.000	1.000	1.000	1.000	1.000	1.000	1.000	1.000	1.000	1.000	1.000	1.000	1.000	1.000	1.000	1.000	1.000	1.000	1.000	1.000	1.000	1.000	1.000	1.000	1.000	1.000	1.000	1.000	1.000	1.000	1.000	1.000	1.000	1.000	1.000	1.000	1.000	1.000	1.000	1.000	1.000	1.000	1.000	1.000	1.000	1.000	1.000	1.000	1.000	1.000	1.000	1.000	1.000	1.000	1.000	1.000	1.000	1.000	1.000	1.000	1.000	1.000	1.000	1.000	1.000	1.000	1.000	1.000	1.000	1.000
PO7	1.000	1.000	1.000	1.000	1.000	1.000	1.000	1.000	1.000	1.000	1.000	1.000	1.000	1.000	1.000	1.000	1.000	1.000	1.000	1.000	1.000	1.000	1.000	1.000	1.000	1.000	1.000	1.000	1.000	1.000	1.000	1.000	1.000	1.000	1.000	1.000	1.000	1.000	1.000	1.000	1.000	1.000	1.000	1.000	1.000	1.000	1.000	1.000	1.000	1.000	1.000	1.000	1.000	1.000	1.000	1.000	1.000	1.000	1.000	1.000	0	1.000	1.000	1.000	1.000	1.000	1.000	1.000	1.000	1.000	1.000	1.000	1.000	1.000	1.000	1.000	1.000	1.000	1.000	1.000	1.000	1.000	1.000	1.000	1.000	1.000	1.000	0.800
PO8	1.000	1.000	1.000	1.000	1.000	1.000	1.000	1.000	1.000	1.000	0.889	0.950	1.000	1.000	0.944	1.000	1.000	0.900	1.000	1.000	0.941	0.846	1.000	1.000	1.000	1.000	1.000	1.000	1.000	0.818	1.000	1.000	0.929	1.000	1.000	0.889	1.000	1.000	1.000	1.000	0.950	1.000	1.000	1.000	1.000	1.000	1.000	1.000	0.958	0.778	1.000	0.889	1.000	0.889	0.857	1.000	1.000	1.000	0.889	1.000	1.000	0	1.000	0.778	1.000	0.600	1.000	1.000	1.000	0.944	1.000	1.000	0.846	0.929	0.300	0.846	1.000	1.000	0.833	0.700	1.000	0.917	0.900	1.000	1.000	1.000	1.000	0.900
LS1	0.444	1.000	0.857	1.000	0.889	0.857	0.750	1.000	0.667	0.950	1.000	0.944	1.000	1.000	0.938	1.000	1.000	1.000	0.556	1.000	0.933	1.000	1.000	1.000	1.000	1.000	1.000	0.944	0.917	1.000	1.000	1.000	1.000	1.000	1.000	1.000	1.000	0.750	1.000	0.846	0.733	0.909	1.000	0.938	1.000	1.000	0.808	0.556	0.850	1.000	1.000	1.000	0.727	1.000	1.000	1.000	0.667	1.000	1.000	1.000	1.000	1.000	0	1.000	0.444	1.000	0.571	0.250	1.000	1.000	1.000	0.875	1.000	1.000	1.000	1.000	1.000	1.000	1.000	1.000	1.000	1.000	1.000	1.000	1.000	1.000	1.000	1.000
LS2	1.000	1.000	1.000	1.000	1.000	1.000	1.000	1.000	1.000	1.000	1.000	1.000	1.000	1.000	1.000	1.000	1.000	1.000	1.000	1.000	1.000	0.857	1.000	1.000	1.000	1.000	1.000	1.000	1.000	0.800	1.000	1.000	0.857	1.000	1.000	0.500	1.000	1.000	1.000	1.000	0.923	1.000	1.000	1.000	1.000	1.000	1.000	1.000	0.941	0.667	1.000	0.500	1.000	0.500	0.875	1.000	1.000	1.000	0.500	1.000	1.000	0.778	1.000	0	1.000	0.600	1.000	1.000	1.000	1.000	1.000	1.000	0.857	0.857	0.750	0.857	1.000	1.000	0.833	0.800	1.000	0.800	0.667	1.000	1.000	1.000	1.000	0.667
LS3	0.444	1.000	0.857	1.000	0.889	0.909	0.750	1.000	0.667	1.000	1.000	0.944	1.000	0.857	1.000	1.000	1.000	1.000	0.556	1.000	1.000	1.000	1.000	1.000	1.000	1.000	1.000	1.000	1.000	1.000	1.000	1.000	1.000	1.000	1.000	1.000	1.000	0.750	1.000	0.846	0.813	1.000	1.000	0.938	1.000	1.000	0.852	0.556	0.722	1.000	1.000	1.000	0.783	1.000	1.000	1.000	0.783	1.000	1.000	1.000	1.000	1.000	0.444	1.000	0	1.000	0.571	0.444	1.000	1.000	1.000	0.875	1.000	1.000	1.000	1.000	1.000	0.750	1.000	1.000	1.000	1.000	0.875	1.000	1.000	1.000	1.000	1.000
LS4	1.000	1.000	1.000	1.000	1.000	0.952	1.000	1.000	1.000	1.000	1.000	1.000	0.800	1.000	1.000	1.000	1.000	1.000	1.000	1.000	1.000	0.778	1.000	0.833	1.000	1.000	1.000	1.000	1.000	0.714	1.000	1.000	0.900	0.889	1.000	0.800	1.000	1.000	1.000	1.000	0.867	1.000	1.000	1.000	1.000	1.000	0.964	1.000	0.895	0.600	1.000	0.800	1.000	0.800	0.800	1.000	0.960	1.000	0.800	1.000	1.000	0.600	1.000	0.600	1.000	0	1.000	1.000	1.000	1.000	1.000	1.000	0.778	0.900	0.556	0.900	1.000	1.000	0.750	0.714	1.000	0.875	0.833	1.000	1.000	1.000	1.000	0.833
LS5	0.571	1.000	0.667	1.000	0.800	0.889	0.625	1.000	0.400	1.000	1.000	0.929	1.000	1.000	1.000	1.000	1.000	1.000	0.500	1.000	1.000	1.000	1.000	1.000	1.000	1.000	1.000	1.000	1.000	1.000	1.000	1.000	1.000	1.000	1.000	1.000	1.000	0.625	1.000	0.778	0.750	1.000	1.000	0.917	1.000	1.000	0.875	0.500	0.813	1.000	1.000	1.000	0.857	1.000	1.000	1.000	0.857	1.000	1.000	1.000	1.000	1.000	0.571	1.000	0.571	1.000	0	0.571	1.000	1.000	1.000	0.750	1.000	1.000	1.000	1.000	1.000	1.000	1.000	1.000	1.000	1.000	1.000	1.000	1.000	1.000	1.000	1.000
LS6	0.444	1.000	0.857	1.000	0.889	0.909	0.750	1.000	0.667	1.000	1.000	0.944	1.000	1.000	1.000	1.000	1.000	1.000	0.556	1.000	1.000	1.000	1.000	1.000	1.000	1.000	1.000	1.000	1.000	1.000	1.000	1.000	1.000	1.000	1.000	1.000	1.000	0.750	1.000	0.846	0.813	1.000	1.000	0.938	1.000	1.000	0.852	0.556	0.850	1.000	1.000	1.000	0.667	1.000	1.000	1.000	0.727	1.000	1.000	1.000	1.000	1.000	0.250	1.000	0.444	1.000	0.571	0	1.000	1.000	1.000	0.875	1.000	1.000	1.000	1.000	1.000	1.000	1.000	1.000	1.000	1.000	1.000	1.000	1.000	1.000	1.000	1.000
LS7	1.000	1.000	1.000	1.000	1.000	1.000	1.000	1.000	1.000	1.000	1.000	1.000	1.000	1.000	1.000	1.000	1.000	1.000	1.000	1.000	1.000	1.000	1.000	1.000	1.000	1.000	1.000	1.000	1.000	1.000	1.000	1.000	1.000	1.000	1.000	1.000	1.000	1.000	1.000	1.000	1.000	1.000	1.000	1.000	1.000	1.000	1.000	1.000	1.000	1.000	1.000	1.000	1.000	1.000	1.000	1.000	1.000	1.000	1.000	1.000	1.000	1.000	1.000	1.000	1.000	1.000	1.000	1.000	1.000	1.000	1.000	1.000	1.000	1.000	1.000	1.000	1.000	1.000	1.000	1.000	1.000	1.000	1.000	1.000	1.000	1.000	1.000	1.000
LS8	1.000	1.000	1.000	1.000	1.000	1.000	1.000	1.000	1.000	1.000	1.000	1.000	1.000	1.000	1.000	1.000	1.000	0.909	1.000	1.000	1.000	1.000	1.000	1.000	1.000	1.000	1.000	1.000	1.000	1.000	1.000	1.000	1.000	1.000	1.000	1.000	1.000	1.000	1.000	1.000	1.000	1.000	1.000	1.000	1.000	1.000	1.000	1.000	1.000	1.000	1.000	1.000	1.000	1.000	1.000	1.000	1.000	1.000	1.000	1.000	1.000	0.944	1.000	1.000	1.000	1.000	1.000	1.000	1.000	0	1.000	1.000	1.000	1.000	1.000	0.545	1.000	1.000	1.000	1.000	1.000	1.000	1.000	1.000	1.000	1.000	1.000	1.000
LS9	1.000	1.000	1.000	1.000	1.000	1.000	1.000	1.000	1.000	1.000	1.000	1.000	1.000	1.000	1.000	1.000	1.000	1.000	1.000	1.000	1.000	1.000	1.000	1.000	1.000	1.000	1.000	1.000	1.000	1.000	1.000	1.000	1.000	1.000	1.000	1.000	1.000	1.000	1.000	1.000	1.000	1.000	1.000	1.000	1.000	1.000	1.000	1.000	1.000	1.000	1.000	1.000	1.000	1.000	1.000	1.000	1.000	1.000	1.000	1.000	1.000	1.000	1.000	1.000	1.000	1.000	1.000	1.000	1.000	1.000	1.000	1.000	1.000	1.000	1.000	1.000	1.000	1.000	1.000	1.000	1.000	1.000	1.000	1.000	1.000	1.000	1.000	1.000
LS10	0.875	1.000	0.500	1.000	0.750	0.944	0.889	1.000	0.833	1.000	1.000	0.923	1.000	1.000	1.000	1.000	1.000	1.000	0.857	1.000	1.000	1.000	1.000	1.000	1.000	1.000	1.000	1.000	1.000	1.000	1.000	1.000	1.000	1.000	1.000	1.000	1.000	0.889	1.000	0.889	0.923	1.000	1.000	0.909	1.000	1.000	0.960	0.857	0.941	1.000	1.000	1.000	0.955	1.000	1.000	1.000	0.955	1.000	1.000	1.000	1.000	1.000	0.875	1.000	0.875	1.000	0.750	0.875	1.000	1.000	1.000	0	1.000	1.000	1.000	1.000	1.000	1.000	1.000	1.000	1.000	1.000	1.000	1.000	1.000	1.000	1.000	1.000
BP1	1.000	0.833	1.000	1.000	1.000	1.000	1.000	1.000	1.000	1.000	1.000	1.000	1.000	1.000	1.000	1.000	1.000	1.000	1.000	1.000	0.846	1.000	1.000	1.000	1.000	0.700	1.000	1.000	1.000	1.000	0.833	1.000	1.000	1.000	1.000	1.000	1.000	1.000	1.000	1.000	0.941	1.000	1.000	1.000	1.000	0.909	1.000	0.909	1.000	1.000	1.000	1.000	1.000	1.000	1.000	1.000	1.000	1.000	1.000	1.000	1.000	0.846	1.000	0.857	1.000	0.778	1.000	1.000	1.000	1.000	1.000	1.000	0	0.667	0.833	0.909	1.000	1.000	0.625	0.571	1.000	0.889	0.857	1.000	1.000	1.000	1.000	1.000
BP2	1.000	0.833	1.000	1.000	1.000	1.000	1.000	1.000	1.000	1.000	1.000	1.000	1.000	1.000	1.000	1.000	1.000	1.000	1.000	1.000	0.846	1.000	1.000	1.000	1.000	0.818	1.000	1.000	1.000	1.000	0.833	1.000	1.000	1.000	1.000	1.000	1.000	1.000	1.000	1.000	0.875	1.000	1.000	1.000	1.000	0.909	1.000	0.909	1.000	1.000	1.000	1.000	1.000	1.000	1.000	1.000	1.000	1.000	1.000	1.000	1.000	0.929	1.000	0.857	1.000	0.900	1.000	1.000	1.000	1.000	1.000	1.000	0.667	0	0.923	0.909	1.000	1.000	0.778	0.750	1.000	0.889	0.857	1.000	0.833	1.000	1.000	1.000
BP3	1.000	1.000	1.000	1.000	1.000	1.000	1.000	1.000	1.000	1.000	1.000	1.000	1.000	1.000	1.000	1.000	1.000	1.000	1.000	1.000	1.000	0.923	1.000	1.000	1.000	1.000	1.000	1.000	1.000	0.667	1.000	1.000	0.923	1.000	1.000	0.875	1.000	1.000	1.000	1.000	0.947	1.000	1.000	1.000	1.000	1.000	1.000	1.000	0.957	0.750	1.000	0.875	1.000	0.875	0.846	1.000	1.000	1.000	0.875	1.000	1.000	0.300	1.000	0.750	1.000	0.556	1.000	1.000	1.000	1.000	1.000	1.000	0.833	0.923	0	0.923	1.000	1.000	0.818	0.667	1.000	0.909	0.889	1.000	1.000	1.000	1.000	0.889
BP4	1.000	1.000	1.000	1.000	1.000	1.000	1.000	1.000	1.000	1.000	1.000	1.000	1.000	1.000	1.000	1.000	1.000	0.857	1.000	1.000	1.000	1.000	1.000	1.000	1.000	1.000	1.000	1.000	1.000	1.000	1.000	1.000	1.000	1.000	1.000	1.000	1.000	1.000	1.000	1.000	0.941	1.000	1.000	1.000	1.000	1.000	1.000	1.000	1.000	1.000	1.000	1.000	1.000	1.000	1.000	1.000	1.000	1.000	1.000	1.000	1.000	0.846	1.000	0.857	1.000	0.900	1.000	1.000	1.000	0.545	1.000	1.000	0.909	0.909	0.923	0	1.000	1.000	1.000	0.889	1.000	0.889	0.857	1.000	1.000	1.000	1.000	1.000
BP5	1.000	1.000	1.000	1.000	1.000	1.000	1.000	1.000	1.000	1.000	1.000	1.000	1.000	1.000	1.000	1.000	1.000	1.000	1.000	1.000	1.000	1.000	1.000	1.000	1.000	1.000	1.000	1.000	1.000	1.000	1.000	1.000	1.000	1.000	1.000	1.000	1.000	0.909	1.000	1.000	1.000	1.000	1.000	1.000	1.000	1.000	0.923	1.000	1.000	1.000	1.000	1.000	1.000	1.000	1.000	1.000	1.000	1.000	1.000	1.000	1.000	1.000	1.000	1.000	1.000	1.000	1.000	1.000	1.000	1.000	1.000	1.000	1.000	1.000	1.000	1.000	0	1.000	1.000	1.000	1.000	1.000	1.000	1.000	1.000	1.000	1.000	1.000
BP6	1.000	1.000	1.000	1.000	1.000	1.000	1.000	1.000	1.000	1.000	1.000	1.000	1.000	0.667	1.000	1.000	1.000	1.000	1.000	1.000	1.000	1.000	1.000	1.000	1.000	1.000	1.000	1.000	1.000	1.000	1.000	1.000	1.000	1.000	1.000	1.000	1.000	1.000	1.000	1.000	1.000	1.000	1.000	1.000	1.000	1.000	1.000	1.000	0.882	1.000	1.000	1.000	1.000	1.000	1.000	1.000	1.000	1.000	1.000	1.000	1.000	1.000	1.000	1.000	0.750	1.000	1.000	1.000	1.000	1.000	1.000	1.000	1.000	1.000	1.000	1.000	1.000	0	1.000	1.000	1.000	1.000	0.750	1.000	1.000	1.000	1.000	1.000
BP7	1.000	0.800	1.000	1.000	1.000	1.000	1.000	1.000	1.000	1.000	1.000	1.000	1.000	1.000	1.000	1.000	1.000	1.000	1.000	1.000	0.833	0.900	1.000	1.000	1.000	0.667	1.000	1.000	1.000	0.714	0.800	1.000	0.900	1.000	1.000	0.800	1.000	1.000	1.000	1.000	1.000	1.000	1.000	1.000	1.000	0.905	1.000	0.900	0.950	0.600	1.000	0.800	1.000	0.800	0.800	1.000	1.000	1.000	0.800	1.000	1.000	0.833	1.000	0.833	1.000	0.750	1.000	1.000	1.000	1.000	1.000	1.000	0.625	0.778	0.818	1.000	1.000	1.000	0	0.875	1.000	1.000	1.000	1.000	1.000	1.000	1.000	0.833
POBP1	1.000	0.750	1.000	1.000	1.000	1.000	1.000	1.000	1.000	1.000	1.000	1.000	1.000	1.000	1.000	1.000	1.000	1.000	1.000	1.000	0.917	1.000	1.000	1.000	1.000	0.900	1.000	1.000	1.000	1.000	0.750	1.000	1.000	1.000	1.000	1.000	1.000	1.000	1.000	1.000	0.933	1.000	1.000	1.000	1.000	0.952	1.000	0.889	1.000	1.000	1.000	1.000	1.000	1.000	1.000	1.000	1.000	1.000	1.000	1.000	1.000	0.700	1.000	0.800	1.000	0.714	1.000	1.000	1.000	1.000	1.000	1.000	0.571	0.750	0.667	0.889	1.000	1.000	0.875	0	1.000	0.857	0.800	1.000	1.000	1.000	1.000	1.000
POBP2	1.000	1.000	1.000	1.000	1.000	1.000	1.000	1.000	1.000	1.000	1.000	1.000	1.000	1.000	1.000	1.000	1.000	1.000	1.000	1.000	1.000	1.000	1.000	1.000	1.000	1.000	1.000	1.000	1.000	1.000	1.000	1.000	1.000	1.000	1.000	1.000	1.000	1.000	1.000	1.000	1.000	1.000	1.000	1.000	1.000	1.000	1.000	1.000	1.000	1.000	1.000	1.000	1.000	1.000	1.000	1.000	1.000	1.000	1.000	1.000	1.000	1.000	1.000	1.000	1.000	1.000	1.000	1.000	1.000	1.000	1.000	1.000	1.000	1.000	1.000	1.000	1.000	1.000	1.000	1.000	0	1.000	1.000	1.000	1.000	1.000	1.000	1.000
POLS1	1.000	1.000	1.000	1.000	1.000	1.000	1.000	1.000	1.000	1.000	1.000	1.000	1.000	1.000	1.000	1.000	1.000	1.000	1.000	1.000	1.000	1.000	1.000	1.000	1.000	1.000	1.000	1.000	1.000	1.000	1.000	1.000	1.000	1.000	1.000	1.000	1.000	1.000	1.000	1.000	0.933	1.000	1.000	1.000	1.000	1.000	1.000	1.000	1.000	1.000	1.000	1.000	1.000	1.000	1.000	1.000	1.000	0.750	1.000	1.000	1.000	0.917	1.000	0.800	1.000	0.875	1.000	1.000	1.000	1.000	1.000	1.000	0.889	0.889	0.909	0.889	1.000	1.000	1.000	0.857	1.000	0	0.800	0.750	1.000	1.000	1.000	1.000
POLS2	1.000	1.000	1.000	1.000	1.000	1.000	1.000	1.000	1.000	1.000	1.000	1.000	1.000	0.500	1.000	1.000	1.000	1.000	1.000	1.000	1.000	1.000	1.000	1.000	1.000	1.000	1.000	1.000	1.000	1.000	1.000	1.000	1.000	1.000	1.000	1.000	1.000	1.000	1.000	1.000	0.923	1.000	1.000	1.000	1.000	1.000	1.000	1.000	0.941	1.000	1.000	1.000	1.000	1.000	1.000	1.000	1.000	1.000	1.000	1.000	1.000	0.900	1.000	0.667	0.875	0.833	1.000	1.000	1.000	1.000	1.000	1.000	0.857	0.857	0.889	0.857	1.000	0.750	1.000	0.800	1.000	0.800	0	1.000	1.000	1.000	1.000	1.000
POLS3	1.000	1.000	1.000	1.000	1.000	1.000	1.000	1.000	1.000	1.000	1.000	1.000	1.000	1.000	1.000	1.000	1.000	1.000	1.000	1.000	1.000	1.000	1.000	1.000	1.000	1.000	1.000	1.000	1.000	1.000	1.000	1.000	1.000	1.000	1.000	1.000	1.000	1.000	1.000	1.000	1.000	1.000	1.000	1.000	1.000	1.000	1.000	1.000	1.000	1.000	1.000	1.000	1.000	1.000	1.000	1.000	1.000	0	1.000	1.000	1.000	1.000	1.000	1.000	1.000	1.000	1.000	1.000	1.000	1.000	1.000	1.000	1.000	1.000	1.000	1.000	1.000	1.000	1.000	1.000	1.000	0.750	1.000	0	1.000	1.000	1.000	1.000
POLS4	1.000	1.000	1.000	1.000	1.000	1.000	1.000	1.000	1.000	1.000	1.000	1.000	1.000	1.000	1.000	1.000	1.000	1.000	1.000	1.000	1.000	1.000	1.000	1.000	1.000	1.000	1.000	1.000	1.000	1.000	1.000	1.000	1.000	1.000	1.000	1.000	1.000	1.000	1.000	1.000	1.000	1.000	1.000	1.000	1.000	1.000	1.000	1.000	1.000	1.000	1.000	1.000	1.000	1.000	1.000	1.000	1.000	1.000	1.000	1.000	1.000	1.000	1.000	1.000	1.000	1.000	1.000	1.000	1.000	1.000	1.000	1.000	1.000	0.833	1.000	1.000	1.000	1.000	1.000	1.000	1.000	1.000	1.000	1.000	0	1.000	1.000	1.000
POLS5	1.000	1.000	1.000	1.000	1.000	1.000	1.000	1.000	1.000	1.000	1.000	1.000	1.000	1.000	1.000	1.000	1.000	1.000	1.000	1.000	1.000	1.000	1.000	1.000	1.000	1.000	1.000	1.000	1.000	1.000	1.000	1.000	1.000	1.000	1.000	1.000	1.000	1.000	1.000	1.000	1.000	1.000	1.000	1.000	1.000	1.000	1.000	1.000	1.000	1.000	1.000	1.000	1.000	1.000	1.000	1.000	1.000	1.000	1.000	1.000	1.000	1.000	1.000	1.000	1.000	1.000	1.000	1.000	1.000	1.000	1.000	1.000	1.000	1.000	1.000	1.000	1.000	1.000	1.000	1.000	1.000	1.000	1.000	1.000	1.000	1.000	1.000	1.000
POLS6	1.000	1.000	1.000	1.000	1.000	1.000	1.000	1.000	1.000	1.000	1.000	1.000	1.000	1.000	1.000	1.000	1.000	1.000	1.000	1.000	1.000	1.000	1.000	1.000	1.000	1.000	1.000	1.000	1.000	1.000	1.000	1.000	1.000	1.000	1.000	1.000	1.000	1.000	1.000	1.000	1.000	1.000	1.000	1.000	1.000	1.000	1.000	1.000	1.000	1.000	1.000	1.000	1.000	1.000	1.000	1.000	1.000	1.000	1.000	1.000	1.000	1.000	1.000	1.000	1.000	1.000	1.000	1.000	1.000	1.000	1.000	1.000	1.000	1.000	1.000	1.000	1.000	1.000	1.000	1.000	1.000	1.000	1.000	1.000	1.000	1.000	1.000	1.000
POLS7	1.000	1.000	1.000	1.000	1.000	1.000	1.000	1.000	1.000	1.000	1.000	1.000	1.000	1.000	1.000	1.000	1.000	1.000	1.000	1.000	1.000	0.857	1.000	1.000	1.000	1.000	1.000	1.000	1.000	0.800	1.000	1.000	0.857	1.000	1.000	0.500	1.000	1.000	1.000	1.000	1.000	1.000	1.000	1.000	1.000	1.000	1.000	1.000	0.941	0.667	1.000	0.500	1.000	0.500	0.875	1.000	1.000	1.000	0.500	1.000	0.800	0.900	1.000	0.667	1.000	0.833	1.000	1.000	1.000	1.000	1.000	1.000	1.000	1.000	0.889	1.000	1.000	1.000	0.833	1.000	1.000	1.000	1.000	1.000	1.000	1.000	1.000	0
